V 54
K 1
D 0 -1524000 5080000 0
Y 1
U 4699000 762000 254000 0 2 3 REFDES=IC?
U 4699000 508000 254000 0 2 3 DEVICE=MCP2518FDT-H_SL
U 4699000 254000 254000 0 2 0 PKG_TYPE=SOIC127P600X175-14N
U 4699000 0 254000 0 2 0 Description=CAN Interface IC Stand-alone Low Power CAN FD Controller w/SPI Interface Grade0
U 4699000 -254000 254000 0 2 0 Datasheet Link=https://datasheet.datasheetarchive.com/originals/distributors/Datasheets_SAMA/744760637e861ab0ee43f380fa65a694.pdf
U 4699000 -508000 254000 0 2 0 Height=1.75
U 4699000 -762000 254000 0 2 0 Mouser Part Number=579-MCP2518FDT-H/SL
U 4699000 -1016000 254000 0 2 0 Mouser Price/Stock=https://www.mouser.co.uk/ProductDetail/Microchip-Technology/MCP2518FDT-H-SL?qs=T3oQrply3y91PFfynJbKYg%3D%3D
U 4699000 -1270000 254000 0 2 0 Manufacturer_Name=Microchip
U 4699000 -1524000 254000 0 2 0 Manufacturer_Part_Number=MCP2518FDT-H/SL
U 0 0 254000 0 1 0 FORWARD_PCB=1
l 5 508000 254000 4572000 254000 4572000 -1778000 508000 -1778000 508000 254000
|GRPHSTL -1 -1 -1 1
P 1 0 0 508000 0 0 2 0
L 584200 0 228600 0 2 0 1 0 TXCAN
A 355600 50800 203200 0 9 3 #=1
A 0 0 9 0 3 0 PINTYPE=BI
P 2 0 -254000 508000 -254000 0 2 0
L 584200 -254000 228600 0 2 0 1 0 RXCAN
A 355600 -203200 203200 0 9 3 #=2
A 0 0 9 0 3 0 PINTYPE=BI
P 3 0 -508000 508000 -508000 0 2 0
L 584200 -508000 228600 0 2 0 1 0 CLKO/SOF
A 355600 -457200 203200 0 9 3 #=3
A 0 0 9 0 3 0 PINTYPE=BI
P 4 0 -762000 508000 -762000 0 2 0
L 584200 -762000 228600 0 2 0 1 0 ~INT
A 355600 -711200 203200 0 9 3 #=4
A 0 0 9 0 3 0 PINTYPE=BI
P 5 0 -1016000 508000 -1016000 0 2 0
L 584200 -1016000 228600 0 2 0 1 0 OSC2
A 355600 -965200 203200 0 9 3 #=5
A 0 0 9 0 3 0 PINTYPE=BI
P 6 0 -1270000 508000 -1270000 0 2 0
L 584200 -1270000 228600 0 2 0 1 0 OSC1
A 355600 -1219200 203200 0 9 3 #=6
A 0 0 9 0 3 0 PINTYPE=BI
P 7 0 -1524000 508000 -1524000 0 2 0
L 584200 -1524000 228600 0 2 0 1 0 VSS
A 355600 -1473200 203200 0 9 3 #=7
A 0 0 9 0 3 0 PINTYPE=BI
P 8 5080000 0 4572000 0 0 3 0
L 4495800 0 228600 0 8 0 1 0 VDD
A 4724400 50800 203200 0 3 3 #=14
A 0 0 9 0 3 0 PINTYPE=BI
P 9 5080000 -254000 4572000 -254000 0 3 0
L 4495800 -254000 228600 0 8 0 1 0 NCS
A 4724400 -203200 203200 0 3 3 #=13
A 0 0 9 0 3 0 PINTYPE=BI
P 10 5080000 -508000 4572000 -508000 0 3 0
L 4495800 -508000 228600 0 8 0 1 0 SDO
A 4724400 -457200 203200 0 3 3 #=12
A 0 0 9 0 3 0 PINTYPE=BI
P 11 5080000 -762000 4572000 -762000 0 3 0
L 4495800 -762000 228600 0 8 0 1 0 SDI
A 4724400 -711200 203200 0 3 3 #=11
A 0 0 9 0 3 0 PINTYPE=BI
P 12 5080000 -1016000 4572000 -1016000 0 3 0
L 4495800 -1016000 228600 0 8 0 1 0 SCK
A 4724400 -965200 203200 0 3 3 #=10
A 0 0 9 0 3 0 PINTYPE=BI
P 13 5080000 -1270000 4572000 -1270000 0 3 0
L 4495800 -1270000 228600 0 8 0 1 0 ~_INT0~/GPIO0/XSTBY
A 4724400 -1219200 203200 0 3 3 #=9
A 0 0 9 0 3 0 PINTYPE=BI
P 14 5080000 -1524000 4572000 -1524000 0 3 0
L 4495800 -1524000 228600 0 8 0 1 0 ~INT1~/GPIO1
A 4724400 -1473200 203200 0 3 3 #=8
A 0 0 9 0 3 0 PINTYPE=BI
E
