V 54
K 1
D 0 -508000 3048000 0
Y 1
U 2667000 762000 254000 0 2 3 REFDES=PS?
U 2667000 508000 254000 0 2 3 DEVICE=AP2204K-5.0TRG1
U 2667000 254000 254000 0 2 0 PKG_TYPE=SOT95P282X145-5N
U 2667000 0 254000 0 2 0 Description=0.2A 5V Low Dropout Regulator SOT-23 DiodesZetex AP2204K-5.0TRG1, LDO Voltage Regulator, 200mA, 5 V, 2.3  24 Vin, 5-Pin SOT-23
U 2667000 -254000 254000 0 2 0 Datasheet Link=https://componentsearchengine.com/Datasheets/1/AP2204K-5.0TRG1.pdf
U 2667000 -508000 254000 0 2 0 Height=1.45
U 2667000 -762000 254000 0 2 0 Mouser Part Number=621-AP2204K-5.0TRG1
U 2667000 -1016000 254000 0 2 0 Mouser Price/Stock=https://www.mouser.co.uk/ProductDetail/Diodes-Incorporated/AP2204K-5.0TRG1?qs=x6A8l6qLYDBM5Z%2F7Sw%252BT6g%3D%3D
U 2667000 -1270000 254000 0 2 0 Manufacturer_Name=Diodes Incorporated
U 2667000 -1524000 254000 0 2 0 Manufacturer_Part_Number=AP2204K-5.0TRG1
U 0 0 254000 0 1 0 FORWARD_PCB=1
l 5 508000 254000 2540000 254000 2540000 -762000 508000 -762000 508000 254000
|GRPHSTL -1 -1 -1 1
P 1 0 0 508000 0 0 2 0
L 584200 0 228600 0 2 0 1 0 VIN
A 355600 50800 203200 0 9 3 #=1
A 0 0 9 0 3 0 PINTYPE=BI
P 2 0 -254000 508000 -254000 0 2 0
L 584200 -254000 228600 0 2 0 1 0 GND
A 355600 -203200 203200 0 9 3 #=2
A 0 0 9 0 3 0 PINTYPE=BI
P 3 0 -508000 508000 -508000 0 2 0
L 584200 -508000 228600 0 2 0 1 0 EN
A 355600 -457200 203200 0 9 3 #=3
A 0 0 9 0 3 0 PINTYPE=BI
P 4 3048000 0 2540000 0 0 3 0
L 2463800 0 228600 0 8 0 1 0 ADJ/NC
A 2692400 50800 203200 0 3 3 #=4
A 0 0 9 0 3 0 PINTYPE=BI
P 5 3048000 -254000 2540000 -254000 0 3 0
L 2463800 -254000 228600 0 8 0 1 0 VOUT
A 2692400 -203200 203200 0 3 3 #=5
A 0 0 9 0 3 0 PINTYPE=BI
E
