V 54
K 1
D 0 -508000 2286000 0
Y 1
U 1905000 762000 254000 0 2 3 REFDES=J?
U 1905000 508000 254000 0 2 3 DEVICE=662104231722
U 1905000 254000 254000 0 2 0 PKG_TYPE=662104231722
U 1905000 0 254000 0 2 0 Description=WR-MPC3 Micro Power Connectors 3.00 mm SMT Dual Row Male Header Right Angled with SMT Solder Tabs - Tin Plating - Glow-Wire, 04 Pins
U 1905000 -254000 254000 0 2 0 Datasheet Link=https://www.we-online.com/components/products/download/3D_662104231722+%28rev1%29.pdf
U 1905000 -508000 254000 0 2 0 Height=8.91
U 1905000 -762000 254000 0 2 0 Newark Part Number=
U 1905000 -1016000 254000 0 2 0 Newark Price/Stock=
U 1905000 -1270000 254000 0 2 0 Manufacturer_Name=Wurth Elektronik
U 1905000 -1524000 254000 0 2 0 Manufacturer_Part_Number=662104231722
U 0 0 254000 0 1 0 FORWARD_PCB=1
l 5 508000 254000 1778000 254000 1778000 -762000 508000 -762000 508000 254000
|GRPHSTL -1 -1 -1 1
P 1 0 0 508000 0 0 2 0
L 584200 0 228600 0 2 0 1 0 1
A 355600 50800 203200 0 9 3 #=1
A 0 0 9 0 3 0 PINTYPE=BI
P 2 0 -254000 508000 -254000 0 2 0
L 584200 -254000 228600 0 2 0 1 0 2
A 355600 -203200 203200 0 9 3 #=2
A 0 0 9 0 3 0 PINTYPE=BI
P 3 0 -508000 508000 -508000 0 2 0
L 584200 -508000 228600 0 2 0 1 0 3
A 355600 -457200 203200 0 9 3 #=3
A 0 0 9 0 3 0 PINTYPE=BI
P 4 2286000 0 1778000 0 0 3 0
L 1701800 0 228600 0 8 0 1 0 4
A 1930400 50800 203200 0 3 3 #=4
A 0 0 9 0 3 0 PINTYPE=BI
P 5 2286000 -254000 1778000 -254000 0 3 0
L 1701800 -254000 228600 0 8 0 1 0 MP1
A 1930400 -203200 203200 0 3 3 #=MP1
A 0 0 9 0 3 0 PINTYPE=BI
P 6 2286000 -508000 1778000 -508000 0 3 0
L 1701800 -508000 228600 0 8 0 1 0 MP2
A 1930400 -457200 203200 0 3 3 #=MP2
A 0 0 9 0 3 0 PINTYPE=BI
E
