V 54
K 1
D 0 -355600 1016000 2133600
Y 1
U 304800 1041400 254000 0 2 3 REFDES=FL?
U 304800 787400 254000 0 2 3 DEVICE=CM2021Y330R-10
U 304800 533400 254000 0 2 0 PKG_TYPE=CM2021Y330R10
U 304800 279400 254000 0 2 0 Description=2 Line Common Mode Choke Surface Mount 33 Ohms @ 100 MHz 15A DCR 0.75mOhm 2322 (5956 Metric), 4 Lead  -40C ~ 125C
U 304800 25400 254000 0 2 0 Datasheet Link=https://www.laird.com/sites/default/files/cm2021y330r-10-datasheet.pdf
U 304800 -228600 254000 0 2 0 Height=3.8
U 304800 -482600 254000 0 2 0 Mouser Part Number=N/A
U 304800 -736600 254000 0 2 0 Mouser Price/Stock=https://www.mouser.co.uk/ProductDetail/Laird/CM2021Y330R-10?qs=PzGy0jfpSMsuvW4RfkrirA%3D%3D
U 304800 -990600 254000 0 2 0 Manufacturer_Name=Laird Technologies
U 304800 -1244600 254000 0 2 0 Manufacturer_Part_Number=CM2021Y330R-10
U 0 0 254000 0 1 0 FORWARD_PCB=1
a 1016000 635000 1021080 635000 1016000 381000
a 1016000 889000 1021080 889000 1016000 635000
a 1016000 1143000 1021080 1143000 1016000 889000
a 1016000 1397000 1021080 1397000 1016000 1143000
a 457200 635000 452120 635000 457200 381000
a 457200 889000 452120 889000 457200 635000
a 457200 1143000 452120 1143000 457200 889000
a 457200 1397000 452120 1397000 457200 1143000
l 3 711200 1397000 711200 381000 711200 1397000
|GRPHSTL -1 -1 -1 1
l 3 787400 1397000 787400 381000 787400 1397000
|GRPHSTL -1 -1 -1 1
l 3 457200 1397000 457200 1625600 457200 1397000
|GRPHSTL -1 -1 -1 1
l 3 1016000 1397000 1016000 1625600 1016000 1397000
|GRPHSTL -1 -1 -1 1
l 3 457200 381000 457200 152400 457200 381000
|GRPHSTL -1 -1 -1 1
l 3 1016000 381000 1016000 152400 1016000 381000
|GRPHSTL -1 -1 -1 1
P 1 457200 -355600 457200 152400 0 1 0
L 431800 -355600 228600 1 9 0 3 0 1
A 431800 -355600 203200 1 7 3 #=1
A 0 0 9 0 3 0 PINTYPE=BI
P 2 1016000 -355600 1016000 152400 0 1 0
L 990600 -355600 228600 1 9 0 3 0 2
A 990600 -355600 203200 1 7 3 #=2
A 0 0 9 0 3 0 PINTYPE=BI
P 3 1016000 2133600 1016000 1625600 0 0 0
L 990600 2133600 228600 1 7 0 3 0 3
A 990600 2133600 203200 1 9 3 #=3
A 0 0 9 0 3 0 PINTYPE=BI
P 4 457200 2133600 457200 1625600 0 0 0
L 431800 2133600 228600 1 7 0 3 0 4
A 431800 2133600 203200 1 9 3 #=4
A 0 0 9 0 3 0 PINTYPE=BI
E
