V 54
K 1
D 0 -762000 4826000 0
Y 1
U 4445000 762000 254000 0 2 3 REFDES=IC?
U 4445000 508000 254000 0 2 3 DEVICE=LM74610QDGKRQ1
U 4445000 254000 254000 0 2 0 PKG_TYPE=SOP65P490X110-8N
U 4445000 0 254000 0 2 0 Description=Zero Iq Reverse Polarity Protection Smart Diode Controller
U 4445000 -254000 254000 0 2 0 Datasheet Link=http://www.ti.com/lit/gpn/lm74610-q1
U 4445000 -508000 254000 0 2 0 Height=1.1
U 4445000 -762000 254000 0 2 0 Mouser Part Number=595-LM74610QDGKRQ1
U 4445000 -1016000 254000 0 2 0 Mouser Price/Stock=https://www.mouser.co.uk/ProductDetail/Texas-Instruments/LM74610QDGKRQ1?qs=3jdCaFhktOQTVpuuubgDqg%3D%3D
U 4445000 -1270000 254000 0 2 0 Manufacturer_Name=Texas Instruments
U 4445000 -1524000 254000 0 2 0 Manufacturer_Part_Number=LM74610QDGKRQ1
U 0 0 254000 0 1 0 FORWARD_PCB=1
l 5 508000 254000 4318000 254000 4318000 -1016000 508000 -1016000 508000 254000
|GRPHSTL -1 -1 -1 1
P 1 0 0 508000 0 0 2 0
L 584200 0 228600 0 2 0 1 0 VCAPL
A 355600 50800 203200 0 9 3 #=1
A 0 0 9 0 3 0 PINTYPE=BI
P 2 0 -254000 508000 -254000 0 2 0
L 584200 -254000 228600 0 2 0 1 0 GATE_PULL_DOWN
A 355600 -203200 203200 0 9 3 #=2
A 0 0 9 0 3 0 PINTYPE=BI
P 3 0 -508000 508000 -508000 0 2 0
L 584200 -508000 228600 0 2 0 1 0 NC_1
A 355600 -457200 203200 0 9 3 #=3
A 0 0 9 0 3 0 PINTYPE=BI
P 4 0 -762000 508000 -762000 0 2 0
L 584200 -762000 228600 0 2 0 1 0 ANODE
A 355600 -711200 203200 0 9 3 #=4
A 0 0 9 0 3 0 PINTYPE=BI
P 5 4826000 0 4318000 0 0 3 0
L 4241800 0 228600 0 8 0 1 0 CATHODE
A 4470400 50800 203200 0 3 3 #=8
A 0 0 9 0 3 0 PINTYPE=BI
P 6 4826000 -254000 4318000 -254000 0 3 0
L 4241800 -254000 228600 0 8 0 1 0 VCAPH
A 4470400 -203200 203200 0 3 3 #=7
A 0 0 9 0 3 0 PINTYPE=BI
P 7 4826000 -508000 4318000 -508000 0 3 0
L 4241800 -508000 228600 0 8 0 1 0 GATE_DRIVE
A 4470400 -457200 203200 0 3 3 #=6
A 0 0 9 0 3 0 PINTYPE=BI
P 8 4826000 -762000 4318000 -762000 0 3 0
L 4241800 -762000 228600 0 8 0 1 0 NC_2
A 4470400 -711200 203200 0 3 3 #=5
A 0 0 9 0 3 0 PINTYPE=BI
E
