V 54
K 1
D 0 -7874000 8128000 0
Y 1
U 7747000 762000 254000 0 2 3 REFDES=IC?
U 7747000 508000 254000 0 2 3 DEVICE=PN7221EV
U 7747000 254000 254000 0 2 0 PKG_TYPE=BGA64C50P8X8_450X450X90
U 7747000 0 254000 0 2 0 Description=RFID Reader/Transponder IC 13.56MHz FeliCa, ISO 14443A, ISO 14443B, ISO 15693, Mifare, NFC I2C, SPI, USB 2.4V ~ 5.5V 64-VFBGA
U 7747000 -254000 254000 0 2 0 Datasheet Link=https://www.nxp.com/docs/en/data-sheet/PN7220.pdf
U 7747000 -508000 254000 0 2 0 Height=0.9
U 7747000 -762000 254000 0 2 0 Manufacturer_Name=NXP
U 7747000 -1016000 254000 0 2 0 Manufacturer_Part_Number=PN7221EV
U 7747000 -1270000 254000 0 2 0 Mouser Part Number=
U 7747000 -1524000 254000 0 2 0 Mouser Price/Stock=
U 7747000 -1778000 254000 0 2 0 Arrow Part Number=
U 7747000 -2032000 254000 0 2 0 Arrow Price/Stock=
U 0 0 254000 0 1 0 FORWARD_PCB=1
l 5 508000 254000 7620000 254000 7620000 -8128000 508000 -8128000 508000 254000
|GRPHSTL -1 -1 -1 1
P 1 0 0 508000 0 0 2 0
L 584200 0 228600 0 2 0 1 0 BOOST_LX
A 355600 50800 203200 0 9 3 #=A1
A 0 0 9 0 3 0 PINTYPE=BI
P 2 0 -254000 508000 -254000 0 2 0
L 584200 -254000 228600 0 2 0 1 0 VSS_PWR
A 355600 -203200 203200 0 9 3 #=A2
A 0 0 9 0 3 0 PINTYPE=BI
P 3 0 -508000 508000 -508000 0 2 0
L 584200 -508000 228600 0 2 0 1 0 VBATPWR
A 355600 -457200 203200 0 9 3 #=A3
A 0 0 9 0 3 0 PINTYPE=BI
P 4 0 -762000 508000 -762000 0 2 0
L 584200 -762000 228600 0 2 0 1 0 VDDNV
A 355600 -711200 203200 0 9 3 #=A4
A 0 0 9 0 3 0 PINTYPE=BI
P 5 0 -1016000 508000 -1016000 0 2 0
L 584200 -1016000 228600 0 2 0 1 0 PVDD_OUT
A 355600 -965200 203200 0 9 3 #=A5
A 0 0 9 0 3 0 PINTYPE=BI
P 6 0 -1270000 508000 -1270000 0 2 0
L 584200 -1270000 228600 0 2 0 1 0 I2C2_SDA
A 355600 -1219200 203200 0 9 3 #=A6
A 0 0 9 0 3 0 PINTYPE=BI
P 7 0 -1524000 508000 -1524000 0 2 0
L 584200 -1524000 228600 0 2 0 1 0 TDA_CS2
A 355600 -1473200 203200 0 9 3 #=A7
A 0 0 9 0 3 0 PINTYPE=BI
P 8 0 -1778000 508000 -1778000 0 2 0
L 584200 -1778000 228600 0 2 0 1 0 VDDIO
A 355600 -1727200 203200 0 9 3 #=A8
A 0 0 9 0 3 0 PINTYPE=BI
P 9 0 -2032000 508000 -2032000 0 2 0
L 584200 -2032000 228600 0 2 0 1 0 VDDBOOST
A 355600 -1981200 203200 0 9 3 #=B1
A 0 0 9 0 3 0 PINTYPE=BI
P 10 0 -2286000 508000 -2286000 0 2 0
L 584200 -2286000 228600 0 2 0 1 0 VSS_SUB_1
A 355600 -2235200 203200 0 9 3 #=B2
A 0 0 9 0 3 0 PINTYPE=BI
P 11 0 -2540000 508000 -2540000 0 2 0
L 584200 -2540000 228600 0 2 0 1 0 VEN
A 355600 -2489200 203200 0 9 3 #=B3
A 0 0 9 0 3 0 PINTYPE=BI
P 12 0 -2794000 508000 -2794000 0 2 0
L 584200 -2794000 228600 0 2 0 1 0 PRD1
A 355600 -2743200 203200 0 9 3 #=B4
A 0 0 9 0 3 0 PINTYPE=BI
P 13 0 -3048000 508000 -3048000 0 2 0
L 584200 -3048000 228600 0 2 0 1 0 TDA__CMDVCCN_/_GPIO5
A 355600 -2997200 203200 0 9 3 #=B5
A 0 0 9 0 3 0 PINTYPE=BI
P 14 0 -3302000 508000 -3302000 0 2 0
L 584200 -3302000 228600 0 2 0 1 0 I2C2_SCL
A 355600 -3251200 203200 0 9 3 #=B6
A 0 0 9 0 3 0 PINTYPE=BI
P 15 0 -3556000 508000 -3556000 0 2 0
L 584200 -3556000 228600 0 2 0 1 0 IRQ1
A 355600 -3505200 203200 0 9 3 #=B7
A 0 0 9 0 3 0 PINTYPE=BI
P 16 0 -3810000 508000 -3810000 0 2 0
L 584200 -3810000 228600 0 2 0 1 0 SWDIO
A 355600 -3759200 203200 0 9 3 #=B8
A 0 0 9 0 3 0 PINTYPE=BI
P 17 0 -4064000 508000 -4064000 0 2 0
L 584200 -4064000 228600 0 2 0 1 0 VDDC
A 355600 -4013200 203200 0 9 3 #=C1
A 0 0 9 0 3 0 PINTYPE=BI
P 18 0 -4318000 508000 -4318000 0 2 0
L 584200 -4318000 228600 0 2 0 1 0 TEST
A 355600 -4267200 203200 0 9 3 #=C2
A 0 0 9 0 3 0 PINTYPE=BI
P 19 0 -4572000 508000 -4572000 0 2 0
L 584200 -4572000 228600 0 2 0 1 0 VSS_PMU
A 355600 -4521200 203200 0 9 3 #=C3
A 0 0 9 0 3 0 PINTYPE=BI
P 20 0 -4826000 508000 -4826000 0 2 0
L 584200 -4826000 228600 0 2 0 1 0 ISO_INT_AUX
A 355600 -4775200 203200 0 9 3 #=C4
A 0 0 9 0 3 0 PINTYPE=BI
P 21 0 -5080000 508000 -5080000 0 2 0
L 584200 -5080000 228600 0 2 0 1 0 TDA_RSTIN_/_GPIO4
A 355600 -5029200 203200 0 9 3 #=C5
A 0 0 9 0 3 0 PINTYPE=BI
P 22 0 -5334000 508000 -5334000 0 2 0
L 584200 -5334000 228600 0 2 0 1 0 HOST_IF_SEL1
A 355600 -5283200 203200 0 9 3 #=C6
A 0 0 9 0 3 0 PINTYPE=BI
P 23 0 -5588000 508000 -5588000 0 2 0
L 584200 -5588000 228600 0 2 0 1 0 HOST_IF_SEL0
A 355600 -5537200 203200 0 9 3 #=C7
A 0 0 9 0 3 0 PINTYPE=BI
P 24 0 -5842000 508000 -5842000 0 2 0
L 584200 -5842000 228600 0 2 0 1 0 SWD_CLK
A 355600 -5791200 203200 0 9 3 #=C8
A 0 0 9 0 3 0 PINTYPE=BI
P 25 0 -6096000 508000 -6096000 0 2 0
L 584200 -6096000 228600 0 2 0 1 0 USB_VBUS
A 355600 -6045200 203200 0 9 3 #=D1
A 0 0 9 0 3 0 PINTYPE=BI
P 26 0 -6350000 508000 -6350000 0 2 0
L 584200 -6350000 228600 0 2 0 1 0 VREF
A 355600 -6299200 203200 0 9 3 #=D2
A 0 0 9 0 3 0 PINTYPE=BI
P 27 0 -6604000 508000 -6604000 0 2 0
L 584200 -6604000 228600 0 2 0 1 0 VSS_REF
A 355600 -6553200 203200 0 9 3 #=D3
A 0 0 9 0 3 0 PINTYPE=BI
P 28 0 -6858000 508000 -6858000 0 2 0
L 584200 -6858000 228600 0 2 0 1 0 ISO_IO_AUX
A 355600 -6807200 203200 0 9 3 #=D4
A 0 0 9 0 3 0 PINTYPE=BI
P 29 0 -7112000 508000 -7112000 0 2 0
L 584200 -7112000 228600 0 2 0 1 0 SPI_COTI_/_I2C1_ADR_BIT_1
A 355600 -7061200 203200 0 9 3 #=D5
A 0 0 9 0 3 0 PINTYPE=BI
P 30 0 -7366000 508000 -7366000 0 2 0
L 584200 -7366000 228600 0 2 0 1 0 SPI_NSS_/_I2C1_ADR_BIT_0
A 355600 -7315200 203200 0 9 3 #=D6
A 0 0 9 0 3 0 PINTYPE=BI
P 31 0 -7620000 508000 -7620000 0 2 0
L 584200 -7620000 228600 0 2 0 1 0 I2C2_WAKEUP
A 355600 -7569200 203200 0 9 3 #=D7
A 0 0 9 0 3 0 PINTYPE=BI
P 32 0 -7874000 508000 -7874000 0 2 0
L 584200 -7874000 228600 0 2 0 1 0 TDA_CS1_/_GPIO1
A 355600 -7823200 203200 0 9 3 #=D8
A 0 0 9 0 3 0 PINTYPE=BI
P 33 8128000 0 7620000 0 0 3 0
L 7543800 0 228600 0 8 0 1 0 VBAT
A 7772400 50800 203200 0 3 3 #=E1
A 0 0 9 0 3 0 PINTYPE=BI
P 34 8128000 -254000 7620000 -254000 0 3 0
L 7543800 -254000 228600 0 8 0 1 0 AD1
A 7772400 -203200 203200 0 3 3 #=E2
A 0 0 9 0 3 0 PINTYPE=BI
P 35 8128000 -508000 7620000 -508000 0 3 0
L 7543800 -508000 228600 0 8 0 1 0 VSS_SUB_2
A 7772400 -457200 203200 0 3 3 #=E3
A 0 0 9 0 3 0 PINTYPE=BI
P 36 8128000 -762000 7620000 -762000 0 3 0
L 7543800 -762000 228600 0 8 0 1 0 ISO_CLK_AUX
A 7772400 -711200 203200 0 3 3 #=E4
A 0 0 9 0 3 0 PINTYPE=BI
P 37 8128000 -1016000 7620000 -1016000 0 3 0
L 7543800 -1016000 228600 0 8 0 1 0 SPI_SCK_/_I2C1__SCL
A 7772400 -965200 203200 0 3 3 #=E5
A 0 0 9 0 3 0 PINTYPE=BI
P 38 8128000 -1270000 7620000 -1270000 0 3 0
L 7543800 -1270000 228600 0 8 0 1 0 SPI_CITO_/_I2C1__SDA
A 7772400 -1219200 203200 0 3 3 #=E6
A 0 0 9 0 3 0 PINTYPE=BI
P 39 8128000 -1524000 7620000 -1524000 0 3 0
L 7543800 -1524000 228600 0 8 0 1 0 MODE
A 7772400 -1473200 203200 0 3 3 #=E7
A 0 0 9 0 3 0 PINTYPE=BI
P 40 8128000 -1778000 7620000 -1778000 0 3 0
L 7543800 -1778000 228600 0 8 0 1 0 TDA_CS0_/_GPIO0
A 7772400 -1727200 203200 0 3 3 #=E8
A 0 0 9 0 3 0 PINTYPE=BI
P 41 8128000 -2032000 7620000 -2032000 0 3 0
L 7543800 -2032000 228600 0 8 0 1 0 VUP_TX
A 7772400 -1981200 203200 0 3 3 #=F1
A 0 0 9 0 3 0 PINTYPE=BI
P 42 8128000 -2286000 7620000 -2286000 0 3 0
L 7543800 -2286000 228600 0 8 0 1 0 TXVCASC
A 7772400 -2235200 203200 0 3 3 #=F2
A 0 0 9 0 3 0 PINTYPE=BI
P 43 8128000 -2540000 7620000 -2540000 0 3 0
L 7543800 -2540000 228600 0 8 0 1 0 VSS_NFC
A 7772400 -2489200 203200 0 3 3 #=F3
A 0 0 9 0 3 0 PINTYPE=BI
P 44 8128000 -2794000 7620000 -2794000 0 3 0
L 7543800 -2794000 228600 0 8 0 1 0 VSS_DIG
A 7772400 -2743200 203200 0 3 3 #=F4
A 0 0 9 0 3 0 PINTYPE=BI
P 45 8128000 -3048000 7620000 -3048000 0 3 0
L 7543800 -3048000 228600 0 8 0 1 0 TDA_CLKDIV2_/_SPIM_COTI
A 7772400 -2997200 203200 0 3 3 #=F5
A 0 0 9 0 3 0 PINTYPE=BI
P 46 8128000 -3302000 7620000 -3302000 0 3 0
L 7543800 -3302000 228600 0 8 0 1 0 TDA_CLKDIV1_/_SPIM_CITO
A 7772400 -3251200 203200 0 3 3 #=F6
A 0 0 9 0 3 0 PINTYPE=BI
P 47 8128000 -3556000 7620000 -3556000 0 3 0
L 7543800 -3556000 228600 0 8 0 1 0 AUX_2
A 7772400 -3505200 203200 0 3 3 #=F7
A 0 0 9 0 3 0 PINTYPE=BI
P 48 8128000 -3810000 7620000 -3810000 0 3 0
L 7543800 -3810000 228600 0 8 0 1 0 XTAL1
A 7772400 -3759200 203200 0 3 3 #=F8
A 0 0 9 0 3 0 PINTYPE=BI
P 49 8128000 -4064000 7620000 -4064000 0 3 0
L 7543800 -4064000 228600 0 8 0 1 0 VDDPA
A 7772400 -4013200 203200 0 3 3 #=G1
A 0 0 9 0 3 0 PINTYPE=BI
P 50 8128000 -4318000 7620000 -4318000 0 3 0
L 7543800 -4318000 228600 0 8 0 1 0 TXVCM
A 7772400 -4267200 203200 0 3 3 #=G2
A 0 0 9 0 3 0 PINTYPE=BI
P 51 8128000 -4572000 7620000 -4572000 0 3 0
L 7543800 -4572000 228600 0 8 0 1 0 VSS_PLL
A 7772400 -4521200 203200 0 3 3 #=G3
A 0 0 9 0 3 0 PINTYPE=BI
P 52 8128000 -4826000 7620000 -4826000 0 3 0
L 7543800 -4826000 228600 0 8 0 1 0 PRD2
A 7772400 -4775200 203200 0 3 3 #=G4
A 0 0 9 0 3 0 PINTYPE=BI
P 53 8128000 -5080000 7620000 -5080000 0 3 0
L 7543800 -5080000 228600 0 8 0 1 0 SPIM_SCLK_/_TDA_EN_5V_3V
A 7772400 -5029200 203200 0 3 3 #=G5
A 0 0 9 0 3 0 PINTYPE=BI
P 54 8128000 -5334000 7620000 -5334000 0 3 0
L 7543800 -5334000 228600 0 8 0 1 0 SPIM_SSN_/_TDA_EN_1.8V
A 7772400 -5283200 203200 0 3 3 #=G6
A 0 0 9 0 3 0 PINTYPE=BI
P 55 8128000 -5588000 7620000 -5588000 0 3 0
L 7543800 -5588000 228600 0 8 0 1 0 AUX_1
A 7772400 -5537200 203200 0 3 3 #=G7
A 0 0 9 0 3 0 PINTYPE=BI
P 56 8128000 -5842000 7620000 -5842000 0 3 0
L 7543800 -5842000 228600 0 8 0 1 0 XTAL2
A 7772400 -5791200 203200 0 3 3 #=G8
A 0 0 9 0 3 0 PINTYPE=BI
P 57 8128000 -6096000 7620000 -6096000 0 3 0
L 7543800 -6096000 228600 0 8 0 1 0 TX1
A 7772400 -6045200 203200 0 3 3 #=H1
A 0 0 9 0 3 0 PINTYPE=BI
P 58 8128000 -6350000 7620000 -6350000 0 3 0
L 7543800 -6350000 228600 0 8 0 1 0 VSS_PA
A 7772400 -6299200 203200 0 3 3 #=H2
A 0 0 9 0 3 0 PINTYPE=BI
P 59 8128000 -6604000 7620000 -6604000 0 3 0
L 7543800 -6604000 228600 0 8 0 1 0 TX2
A 7772400 -6553200 203200 0 3 3 #=H3
A 0 0 9 0 3 0 PINTYPE=BI
P 60 8128000 -6858000 7620000 -6858000 0 3 0
L 7543800 -6858000 228600 0 8 0 1 0 RXN
A 7772400 -6807200 203200 0 3 3 #=H4
A 0 0 9 0 3 0 PINTYPE=BI
P 61 8128000 -7112000 7620000 -7112000 0 3 0
L 7543800 -7112000 228600 0 8 0 1 0 RXP
A 7772400 -7061200 203200 0 3 3 #=H5
A 0 0 9 0 3 0 PINTYPE=BI
P 62 8128000 -7366000 7620000 -7366000 0 3 0
L 7543800 -7366000 228600 0 8 0 1 0 VMID
A 7772400 -7315200 203200 0 3 3 #=H6
A 0 0 9 0 3 0 PINTYPE=BI
P 63 8128000 -7620000 7620000 -7620000 0 3 0
L 7543800 -7620000 228600 0 8 0 1 0 VTUNE1
A 7772400 -7569200 203200 0 3 3 #=H7
A 0 0 9 0 3 0 PINTYPE=BI
P 64 8128000 -7874000 7620000 -7874000 0 3 0
L 7543800 -7874000 228600 0 8 0 1 0 I2C2_IRQ
A 7772400 -7823200 203200 0 3 3 #=H8
A 0 0 9 0 3 0 PINTYPE=BI
E
