V 54
K 1
D 0 -1016000 2032000 508000
Y 1
U 1905000 1524000 254000 0 3 3 REFDES=Q?
U 1905000 1270000 254000 0 3 3 DEVICE=MUN5233T1G
U 1905000 1016000 254000 0 3 0 PKG_TYPE=SOT65P220X100-3N
U 1905000 762000 254000 0 3 0 Description=Simplifies Circuit Design; Reduces Component Count; S Prefix for Automotive and Other Applications Requiring Unique Site and Control Change Requirements; AEC-Q101 Qualified and PPAP Capable; These Devices are PbFree, Halogen Free/BFR Free and are RoHS Compliant
U 1905000 508000 254000 0 3 0 Datasheet Link=https://www.onsemi.com/pub/Collateral/DTC143Z-D.PDF
U 1905000 254000 254000 0 3 0 Height=1
U 1905000 0 254000 0 3 0 Mouser Part Number=863-MUN5233T1G
U 1905000 -254000 254000 0 3 0 Mouser Price/Stock=https://www.mouser.co.uk/ProductDetail/onsemi/MUN5233T1G?qs=ZpPixqFcBtzWrnINWZxoIA%3D%3D
U 1905000 -508000 254000 0 3 0 Manufacturer_Name=onsemi
U 1905000 -762000 254000 0 3 0 Manufacturer_Part_Number=MUN5233T1G
U 0 0 254000 0 1 0 FORWARD_PCB=1
l 5 1778000 762000 1778000 -1270000 254000 -1270000 254000 762000 1778000 762000
|GRPHSTL -1 -1 -1 1
l 2 1397000 203200 1397000 -177800
|GRPHSTL -1 -1 -1 5
l 2 1397000 76200 1651000 330200
|GRPHSTL -1 -1 -1 1
l 2 1397000 -50800 1651000 -304800
|GRPHSTL -1 -1 -1 1
l 4 1473200 -177800 1524000 -127000 1574800 -228600 1473200 -177800
|GRPHSTL -1 1 -1 3
l 5 381000 -101600 381000 101600 889000 101600 889000 -101600 381000 -101600
|GRPHSTL -1 -1 -1 1
l 5 1244600 -762000 1041400 -762000 1041400 -254000 1244600 -254000 1244600 -762000
|GRPHSTL -1 -1 -1 1
l 3 1143000 -254000 1143000 0 889000 0
|GRPHSTL -1 -1 -1 1
l 2 1143000 0 1397000 0
|GRPHSTL -1 -1 -1 1
l 3 1651000 330200 1651000 508000 1778000 508000
|GRPHSTL -1 -1 -1 1
l 2 1651000 -304800 1651000 -1016000
|GRPHSTL -1 -1 -1 1
l 3 1143000 -762000 1143000 -1016000 1778000 -1016000
|GRPHSTL -1 -1 -1 1
l 2 254000 0 381000 0
|GRPHSTL -1 -1 -1 1
c 1143000 0 25400
|GRPHSTL -1 -1 -1 4
c 1651000 -1016000 25400
|GRPHSTL -1 -1 -1 4
P 1 0 0 254000 0 0 2 0
L -203200 -50800 228600 0 7 0 3 0 B
A 203200 50800 203200 0 9 3 #=1
A 0 0 9 0 3 0 PINTYPE=BI
P 2 2032000 -1016000 1778000 -1016000 0 3 0
L 2235200 -1066800 228600 0 1 0 3 0 E
A 1828800 -965200 203200 0 3 3 #=2
A 0 0 9 0 3 0 PINTYPE=BI
P 3 2032000 508000 1778000 508000 0 3 0
L 2235200 457200 228600 0 1 0 3 0 C
A 1828800 558800 203200 0 3 3 #=3
A 0 0 9 0 3 0 PINTYPE=BI
T 660400 254000 254000 0 5 R1
T 1295400 -508000 254000 0 2 R2
E
